1 292 2
2 123 35
3 135 7
4 134 17
5 88 6
6 30 84
7 47 39
8 28 139
9 29 25
10 83 15
11 50 9
12 14 53
13 30 50
14 30 9
15 118 7
16 12 1
17 41 1
18 16 3
19 28 6
20 36 1
21 40 7
22 47 2
23 49 4
24 12 0
25 18 4
26 17 72
27 28 40
28 28 11
29 21 42
30 14 12
31 25 8
32 21 3
33 66 3
34 31 0
35 17 9
36 25 1
37 20 3
38 19 116
39 55 3
40 25 1
41 36 9
42 52 1
43 22 2
44 25 0
45 21 0
46 34 1
47 12 0
48 23 4
49 18 2
50 19 30
51 14 0
52 7 1
53 93 4
54 15 4
55 25 2
56 34 3
57 17 1
58 3 20
59 10 0
60 17 3
61 10 22
62 35 1
63 11 0
64 13 1
65 16 73
66 21 6
67 17 7
68 11 22
69 16 40
70 31 2
71 7 47
72 47 0
73 16 4
74 5 0
75 36 6
76 45 4
77 27 0
78 29 0
79 34 3
80 17 11
81 12 6
82 16 3
83 9 3
84 50 1
85 31 0
86 12 0
87 11 4
88 26 34
89 12 53
90 25 1
91 28 25
92 28 0
93 26 2
94 17 0
95 36 3
96 46 0
97 13 2
98 33 1
99 22 0
100 25 0
101 28 0
102 19 0
103 13 0
104 32 0
105 20 0
106 20 0
107 11 2
108 34 2
109 32 0
110 26 1
111 12 4
112 21 3
113 15 0
114 33 2
115 6 2
116 24 0
117 17 0
118 15 3
119 7 3
120 27 3
121 54 0
122 14 52
123 15 0
124 42 1
125 20 35
126 32 4
127 49 23
128 36 0
129 12 0
130 16 7
131 19 2
132 10 4
133 27 5
134 16 16
135 7 1
136 51 0
137 28 9
138 52 8
139 39 9
140 19 4
141 30 0
142 35 0
143 31 0
144 9 2
145 20 3
146 57 5
147 13 6
148 35 1
149 10 28
150 10 13
151 19 26
152 54 1
153 24 2
154 14 2
155 45 6
