24
34
44
45
47
51
59
63
72
74
77
78
85
86
92
94
96
99
100
101
102
103
104
105
106
109
113
116
117
121
123
128
129
136
141
142
143
1
152
42
84
124
17
20
62
148
46
98
110
36
40
90
22
53
33
3
39
57
108
15
114
70
5
64
93
55
23
16
95
153
146
56
79
76
43
131
49
120
126
4
155
32
52
112
135
154
37
145
97
138
75
48
21
60
11
10
107
133
18
82
118
140
19
25
144
139
41
73
54
2
66
14
31
137
83
111
115
87
28
132
67
119
130
147
127
81
35
80
7
30
9
91
134
150
88
151
27
50
13
125
29
68
61
69
6
149
122
12
26
89
65
8
38
58
71
